DiskRead	DiskWrite	IORead	IOWrite	TpsRead	TpsWirte	DiskUtil	NetRead	NetWrite	Tot	Tcp	Udp	Raw	Frg	
  72000   30000 1.75  1.47     2     1     0:0.27    0     0  973   5   5   0   0
   0     0     0     0     0     0     0:   0  294B    0  973   5   5   0   0
   0     0     0     0     0     0     0:   0  420B    0  973   5   5   0   0
   0     0     0     0     0     0     0:   0  478B    0  973   5   5   0   0
   0     0     0     0     0     0     0:   0  156B    0  973   5   5   0   0
   0   372000    0  6.00     0     6     0:0.80   64B    0  973   5   5   0   0
   0     0     0     0     0     0     0:   0 2645B    0  973   5   5   0   0
   0     0     0     0     0     0     0:   0  428B    0  973   5   5   0   0
   0     0     0     0     0     0     0:   0  184B    0  973   5   5   0   0
   0     0     0     0     0     0     0:   0  498B    0  973   5   5   0   0
   0   324000    0  14.0     0    14     0:0.80  156B    0  973   5   5   0   0
   0     0     0     0     0     0     0:   0  624B    0  973   5   5   0   0
   0     0     0     0     0     0     0:   0  801B  155B 973   5   5   0   0
   0     0     0     0     0     0     0:   0  156B    0  973   5   5   0   0
   0     0     0     0     0     0     0:   0    0     0  973   5   5   0   0
   0   272000    0  9.00     0     9     0:0.80  294B    0  973   5   5   0   0
   0     0     0     0     0     0     0:   0 1936B    0  973   5   5   0   0
   0     0     0     0     0     0     0:   0  180B    0  973   5   5   0   0
   0     0     0     0     0     0     0:   0  712B    0  973   5   5   0   0
   0     0     0     0     0     0     0:   0  152B    0  973   5   5   0   0
   0    20000    0  2.00     0     2     0:   0   60B    0  973   5   5   0   0
   0   364000    0  7.00     0     7     0:0.40  244B    0  973   5   5   0   0
   0     0     0     0     0     0     0:   0 1062B    0  973   5   5   0   0
   0     0     0     0     0     0     0:   0  152B    0  973   5   5   0   0
   0     0     0     0     0     0     0:   0  300B    0  973   5   5   0   0
   0     0     0     0     0     0     0:   0  234B    0  973   5   5   0   0
   0   348000    0  8.00     0     8     0:   0 1936B    0  973   5   5   0   0
   0    52000    0  2.00     0     2     0:   0  120B    0  973   5   5   0   0
   0     0     0     0     0     0     0:   0   92B    0  973   5   5   0   0
1012000    0  62.0     0    62     0     0:10.0  174B    0  975   5   5   0   0
   0     0     0     0     0     0     0:   0   60B    0  973   5   5   0   0
   0   264000    0  10.0     0    10     0:   0  152B    0  973   5   5   0   0
   0    36000    0  2.00     0     2     0:   0  572B    0  973   5   5   0   0
   0     0     0     0     0     0     0:   0  300B    0  973   5   5   0   0
   0     0     0     0     0     0     0:   0  152B    0  973   5   5   0   0
   0     0     0     0     0     0     0:   0  494B    0  973   5   5   0   0
   0   252000    0  6.00     0     6     0:   0 2078B    0  973   5   5   0   0
   0    20000    0  2.00     0     2     0:   0  456B    0  973   5   5   0   0
   0     0     0     0     0     0     0:   0  434B    0  973   5   5   0   0
   0     0     0     0     0     0     0:   0   82B    0  973   5   5   0   0
   0     0     0     0     0     0     0:   0  174B    0  973   5   5   0   0
   0   228000    0  2.00     0     2     0:   0  434B    0  973   5   5   0   0
   0     0     0     0     0     0     0:   0  418B    0  973   5   5   0   0
   0    20000    0  2.00     0     2     0:   0  310B    0  973   5   5   0   0
   0     0     0     0     0     0     0:   0  330B    0  973   5   5   0   0
   0     0     0     0     0     0     0:   0   42000  363B 973   5   5   0   0
   0     0     0     0     0     0     0:   0 2600B    0  973   5   5   0   0
   0   232000    0  2.00     0     2     0:   0  152B    0  973   5   5   0   0
   0    40000    0  2.00     0     2     0:   0  620B    0  973   5   5   0   0
   0     0     0     0     0     0     0:   0  152B    0  973   5   5   0   0
   0     0     0     0     0     0     0:   0  386B   42B 973   5   5   0   0
   0     0     0     0     0     0     0:   0   92B    0  973   5   5   0   0
   0   260000    0  8.00     0     8     0:   0 1288B    0  973   5   5   0   0
   0    28000    0  2.00     0     2     0:   0   92B    0  973   5   5   0   0
   0     0     0     0     0     0     0:   0  262B    0  973   5   5   0   0
   0     0     0     0     0     0     0:   0  152B   54B 973   5   5   0   0
   0     0     0     0     0     0     0:   0 2116B    0  973   5   5   0   0
   0   240000    0  4.00     0     4     0:   0  184B    0  973   5   5   0   0
   0    20000    0  2.00     0     2     0:   0  156B    0  973   5   5   0   0
   0     0     0     0     0     0     0:   0  216B    0  973   5   5   0   0
   0     0     0     0     0     0     0:   0  124B    0  973   5   5   0   0
   0     0     0     0     0     0     0:   0  216B    0  973   5   5   0   0
   0   232000    0  2.00     0     2     0:   0  632B    0  973   5   5   0   0
   0    20000    0  2.00     0     2     0:   0  240B    0  973   5   5   0   0
   0     0     0     0     0     0     0:   0  244B    0  973   5   5   0   0
   0     0     0     0     0     0     0:   0  668B    0  973   5   5   0   0
   0     0     0     0     0     0     0:   0 2180B    0  973   5   5   0   0
   0   328000    0  5.00     0     5     0:   0  516B    0  973   5   5   0   0
   0    24000    0  2.00     0     2     0:   0  678B    0  973   5   5   0   0
   0     0     0     0     0     0     0:   0  446B    0  973   5   5   0   0
   0     0     0     0     0     0     0:   0  336B    0  973   5   5   0   0
   0     0     0     0     0     0     0:   0  734B    0  973   5   5   0   0
   0     0     0     0     0     0     0:   0  360B    0  973   5   5   0   0
   0   256000    0  5.00     0     5     0:   0  570B    0  973   5   5   0   0
   0     0     0     0     0     0     0:   0  294B    0  973   5   5   0   0
   0     0     0     0     0     0     0:   0  304B    0  973   5   5   0   0
   0     0     0     0     0     0     0:   0 2272B    0  973   5   5   0   0
   0     0     0     0     0     0     0:   0  700B    0  973   5   5   0   0
   0   288000    0  6.00     0     6     0:   0  408B    0  973   5   5   0   0
   0     0     0     0     0     0     0:   0 1048B    0  973   5   5   0   0
   0     0     0     0     0     0     0:   0  304B    0  973   5   5   0   0
   0     0     0     0     0     0     0:   0  212B    0  973   5   5   0   0
   0     0     0     0     0     0     0:   0  294B    0  973   5   5   0   0
   0    20000    0  2.00     0     2     0:   0  970B    0  973   5   5   0   0
   0   232000    0  2.00     0     2     0:   0  244B    0  973   5   5   0   0
   0     0     0     0     0     0     0:   0  516B    0  973   5   5   0   0
   0     0     0     0     0     0     0:   0 2060B    0  973   5   5   0   0
   0     0     0     0     0     0     0:   0  304B    0  973   5   5   0   0
   0     0     0     0     0     0     0:   0  358B    0  973   5   5   0   0
   0   320000    0  5.00     0     5     0:   0  120B    0  973   5   5   0   0
   0     0     0     0     0     0     0:   0  152B    0  973   5   5   0   0
   0     0     0     0     0     0     0:   0   60B    0  973   5   5   0   0
   0     0     0     0     0     0     0:   0  834B    0  973   5   5   0   0
   0     0     0     0     0     0     0:   0  544B    0  973   5   5   0   0
   0    24000    0  2.00     0     2     0:   0  554B    0  973   5   5   0   0
   0   284000    0  4.00     0     4     0:   0  304B    0  973   5   5   0   0
   0     0     0     0     0     0     0:   0 2056B    0  973   5   5   0   0
   0     0     0     0     0     0     0:   0  462B    0  973   5   5   0   0
   0     0     0     0     0     0     0:   0  212B    0  973   5   5   0   0
   0    20000    0  2.00     0     2     0:   0  152B    0  973   5   5   0   0
   0     0     0     0     0     0     0:   0  402B    0  973   5   5   0   0
   0   232000    0  2.00     0     2     0:   0  882B    0  973   5   5   0   0
   0     0     0     0     0     0     0:   0  152B    0  973   5   5   0   0
   0     0     0     0     0     0     0:   0  554B    0  973   5   5   0   0
   0    20000    0  2.00     0     2     0:   0 1915B    0  973   5   5   0   0
   0     0     0     0     0     0     0:   0  474B    0  973   5   5   0   0
   0   280000    0  5.00     0     5     0:   0 1844B    0  973   5   5   0   0
   0     0     0     0     0     0     0:   0  212B    0  973   5   5   0   0
   0     0     0     0     0     0     0:   0  336B    0  973   5   5   0   0
   0    32000    0  3.00     0     3     0:   0 1565B  155B 973   5   5   0   0
   0     0     0     0     0     0     0:   0   92B    0  973   5   5   0   0
   0     0     0     0     0     0     0:   0  420B    0  973   5   5   0   0
   0   252000    0  6.00     0     6     0:   0 1883B    0  973   5   5   0   0
   0     0     0     0     0     0     0:   0  234B    0  973   5   5   0   0
   0    24000    0  2.00     0     2     0:0.40   92B    0  973   5   5   0   0
   0     0     0     0     0     0     0:   0  698B    0  973   5   5   0   0
   0     0     0     0     0     0     0:   0 1936B    0  973   5   5   0   0
   0   280000    0  5.00     0     5     0:   0 1292B    0  973   5   5   0   0
   0     0     0     0     0     0     0:   0  120B    0  973   5   5   0   0
   0    20000    0  2.00     0     2     0:   0  152B    0  973   5   5   0   0
   0     0     0     0     0     0     0:   0 1975B    0  973   5   5   0   0
   0     0     0     0     0     0     0:   0   60B    0  973   5   5   0   0
   0     0     0     0     0     0     0:   0  714B    0  973   5   5   0   0
   0   232000    0  2.00     0     2     0:   0  854B    0  973   5   5   0   0
   0    24000    0  2.00     0     2     0:   0   60B    0  973   5   5   0   0
   0     0     0     0     0     0     0:   0  948B    0  973   5   5   0   0
   0     0     0     0     0     0     0:   0 2398B    0  973   5   5   0   0
   0     0     0     0     0     0     0:   0  502B    0  973   5   5   0   0
   0   284000    0  3.00     0     3     0:   0 2035B    0  973   5   5   0   0
   0    24000    0  2.00     0     2     0:   0  392B    0  973   5   5   0   0
   0     0     0     0     0     0     0:   0  642B    0  973   5   5   0   0
   0     0     0     0     0     0     0:   0  414B    0  973   5   5   0   0
   0     0     0     0     0     0     0:   0  332B    0  973   5   5   0   0
   0   236000    0  3.00     0     3     0:   0  916B    0  973   5   5   0   0
   0    20000    0  2.00     0     2     0:   0  152B    0  973   5   5   0   0
   0     0     0     0     0     0     0:   0  212B    0  973   5   5   0   0
   0     0     0     0     0     0     0:   0 4085B    0  973   5   5   0   0
   0     0     0     0     0     0     0:   0  272B    0  973   5   5   0   0
   0     0     0     0     0     0     0:   0   92B    0  973   5   5   0   0
   0   232000    0  2.00     0     2     0:   0   60B    0  973   5   5   0   0
   0    20000    0  2.00     0     2     0:   0  152B    0  973   5   5   0   0
   0     0     0     0     0     0     0:   0  948B    0  973   5   5   0   0
   0     0     0     0     0     0     0:   0   43000  169B 973   5   5   0   0
   0     0     0     0     0     0     0:   0  540B    0  973   5   5   0   0
   0   232000    0  2.00     0     2     0:   0 2035B    0  973   5   5   0   0
   0    24000    0  2.00     0     2     0:   0  262B    0  973   5   5   0   0
   0     0     0     0     0     0     0:   0 2694B    0  973   5   5   0   0
   0     0     0     0     0     0     0:   0  272B    0  973   5   5   0   0
   0     0     0     0     0     0     0:   0  240B    0  973   5   5   0   0
   0   296000    0  3.00     0     3     0:   0 1030B    0  973   5   5   0   0
   0    24000    0  2.00     0     2     0:   0  152B    0  973   5   5   0   0
   0     0     0     0     0     0     0:   0  120B    0  973   5   5   0   0
   0     0     0     0     0     0     0:   0 2357B    0  973   5   5   0   0
   0     0     0     0     0     0     0:   0  914B    0  973   5   5   0   0
   0   240000    0  3.00     0     3     0:   0   60B    0  973   5   5   0   0
   0    20000    0  2.00     0     2     0:   0  212B    0  973   5   5   0   0
   0     0     0     0     0     0     0:   0 2420B    0  973   5   5   0   0
   0     0     0     0     0     0     0:   0  998B    0  973   5   5   0   0
   0     0     0     0     0     0     0:   0  212B    0  973   5   5   0   0
   0   236000    0  3.00     0     3     0:   0  494B    0  973   5   5   0   0
   0    28000    0  2.00     0     2     0:   0 1823B    0  973   5   5   0   0
   0     0     0     0     0     0     0:   0  262B    0  973   5   5   0   0
   0     0     0     0     0     0     0:   0  212B    0  973   5   5   0   0
   0     0     0     0     0     0     0:   0  348B    0  973   5   5   0   0
   0   264000    0  5.00     0     5     0:   0  120B    0  973   5   5   0   0
   0    20000    0  2.00     0     2     0:   0 1150B    0  973   5   5   0   0
   0     0     0     0     0     0     0:   0 2474B    0  973   5   5   0   0
   0     0     0     0     0     0     0:   0  180B    0  973   5   5   0   0
   0     0     0     0     0     0     0:   0 2035B    0  973   5   5   0   0
   0   256000    0  2.00     0     2     0:   0  474B    0  973   5   5   0   0
   0    20000    0  2.00     0     2     0:   0  120B    0  973   5   5   0   0
   0     0     0     0     0     0     0:   0  816B    0  973   5   5   0   0
   0     0     0     0     0     0     0:   0  832B    0  973   5   5   0   0
   0     0     0     0     0     0     0:   0  796B    0  973   5   5   0   0
   0     0     0     0     0     0     0:   0   92B    0  973   5   5   0   0
   0   252000    0  4.00     0     4     0:   0  152B    0  973   5   5   0   0
   0     0     0     0     0     0     0:   0 4037B    0  973   5   5   0   0
   0     0     0     0     0     0     0:   0  272B    0  973   5   5   0   0
   0     0     0     0     0     0     0:   0  720B   54B 973   5   5   0   0
   0     0     0     0     0     0     0:   0   60B    0  973   5   5   0   0
   0    12000    0  2.00     0     2     0:   0  152B    0  973   5   5   0   0
   0   276000    0  4.00     0     4     0:   0  948B    0  973   5   5   0   0
   0     0     0     0     0     0     0:   0  762B    0  973   5   5   0   0
   0     0     0     0     0     0     0:   0  332B    0  973   5   5   0   0
   0     0     0     0     0     0     0:   0 1975B    0  973   5   5   0   0
   0     0     0     0     0     0     0:   0  582B    0  973   5   5   0   0
   0    24000    0  2.00     0     2     0:   0 2078B    0  973   5   5   0   0
   0   328000    0  5.00     0     5     0:   0  272B    0  973   5   5   0   0
   0     0     0     0     0     0     0:   0  342B    0  973   5   5   0   0
   0     0     0     0     0     0     0:   0  888B    0  973   5   5   0   0
   0     0     0     0     0     0     0:   0  256B    0  973   5   5   0   0
   0    24000    0  2.00     0     2     0:   0  120B    0  973   5   5   0   0
   0     0     0     0     0     0     0:   0 1975B    0  973   5   5   0   0
   0   240000    0  3.00     0     3     0:   0  152B    0  973   5   5   0   0
   0     0     0     0     0     0     0:   0   82B    0  973   5   5   0   0
   0     0     0     0     0     0     0:   0  212B    0  973   5   5   0   0
   0    20000    0  2.00     0     2     0:   0 2018B    0  973   5   5   0   0
   0     0     0     0     0     0     0:   0 1577B    0  973   5   5   0   0
   0   276000    0  4.00     0     4     0:   0   92B    0  973   5   5   0   0
   0     0     0     0     0     0     0:   0   92B    0  973   5   5   0   0
   0     0     0     0     0     0     0:   0 1965B    0  973   5   5   0   0
   0    20000    0  2.00     0     2     0:   0  212B    0  973   5   5   0   0
   0     0     0     0     0     0     0:   0  455B    0  973   5   5   0   0
   0     0     0     0     0     0     0:   0  620B    0  973   5   5   0   0
   0   232000    0  2.00     0     2     0:   0  234B    0  973   5   5   0   0
   0     0     0     0     0     0     0:   0 1008B    0  973   5   5   0   0
   0    24000    0  2.00     0     2     0:0.40 1968B    0  973   5   5   0   0
   0     0     0     0     0     0     0:   0 1217B  155B 973   5   5   0   0
   0     0     0     0     0     0     0:   0 2061B    0  973   5   5   0   0
   0   344000    0  6.00     0     6     0:   0  304B    0  973   5   5   0   0
   0     0     0     0     0     0     0:   0  156B    0  973   5   5   0   0
   0    44000    0  2.00     0     2     0:   0  494B    0  973   5   5   0   0
   0     0     0     0     0     0     0:   0  540B    0  973   5   5   0   0
   0     0     0     0     0     0     0:   0 1128B    0  973   5   5   0   0
   0     0     0     0     0     0     0:   0   92B    0  973   5   5   0   0
   0   256000    0  7.00     0     7     0:   0  402B    0  973   5   5   0   0
   0    20000    0  2.00     0     2     0:   0 3819B    0  973   5   5   0   0
   0     0     0     0     0     0     0:   0  272B    0  973   5   5   0   0
   0     0     0     0     0     0     0:   0  342B    0  973   5   5   0   0
   0     0     0     0     0     0     0:   0   92B    0  973   5   5   0   0
   0   276000    0  4.00     0     4     0:   0   92B    0  973   5   5   0   0
   0    20000    0  2.00     0     2     0:   0  796B    0  973   5   5   0   0
   0     0     0     0     0     0     0:   0  152B    0  973   5   5   0   0
   0     0     0     0     0     0     0:   0  228B    0  973   5   5   0   0
   0     0     0     0     0     0     0:   0 1823B    0  973   5   5   0   0
   0     0     0     0     0     0     0:   0  152B    0  973   5   5   0   0
   0   252000    0  4.00     0     4     0:   0 2138B    0  973   5   5   0   0
   0     0     0     0     0     0     0:   0  538B    0  973   5   5   0   0
   0     0     0     0     0     0     0:   0  174B    0  973   5   5   0   0
   0     0     0     0     0     0     0:   0  888B    0  973   5   5   0   0
   0     0     0     0     0     0     0:   0   82B    0  973   5   5   0   0
   0     0     0     0     0     0     0:   0   92B    0  973   5   5   0   0
   0   292000    0  6.00     0     6     0:   0 2403B    0  973   5   5   0   0
   0     0     0     0     0     0     0:   0  352B    0  973   5   5   0   0
   0     0     0     0     0     0     0:   0  420B    0  973   5   5   0   0
   0     0     0     0     0     0     0:   0   92B    0  973   5   5   0   0
   0     0     0     0     0     0     0:   0 1986B    0  973   5   5   0   0
   0    20000    0  2.00     0     2     0:   0 1318B    0  973   5   5   0   0
   0   232000    0  2.00     0     2     0:   0  336B    0  973   5   5   0   0
   0     0     0     0     0     0     0:   0   43000  169B 973   5   5   0   0
   0     0     0     0     0     0     0:   0 2121B    0  973   5   5   0   0
   0     0     0     0     0     0     0:   0  798B    0  973   5   5   0   0
   0    20000    0  2.00     0     2     0:0.40  686B    0  973   5   5   0   0
   0   276000    0  4.00     0     4     0:   0  180B    0  973   5   5   0   0
   0     0     0     0     0     0     0:   0  434B    0  973   5   5   0   0
   0     0     0     0     0     0     0:   0 1008B    0  973   5   5   0   0
   0     0     0     0     0     0     0:   0 2046B    0  973   5   5   0   0
   0    56000    0  2.00     0     2     0:   0  674B    0  973   5   5   0   0
   0     0     0     0     0     0     0:   0 2155B    0  973   5   5   0   0
   0   324000    0  13.0     0    13     0:   0  358B    0  973   5   5   0   0
   0     0     0     0     0     0     0:   0  489B  152B 973   5   5   0   0
   0     0     0     0     0     0     0:   0  456B    0  973   5   5   0   0
   0    24000    0  2.00     0     2     0:   0  300B    0  973   5   5   0   0
   0     0     0     0     0     0     0:   0 1008B    0  973   5   5   0   0
   0   236000    0  3.00     0     3     0:   0   92B    0  973   5   5   0   0
   0     0     0     0     0     0     0:   0  240B   84B 973   5   5   0   0
   0     0     0     0     0     0     0:   0 3759B    0  973   5   5   0   0
   0    20000    0  2.00     0     2     0:   0  392B    0  973   5   5   0   0
   0     0     0     0     0     0     0:   0    0     0  973   5   5   0   0
   0   232000    0  2.00     0     2     0:   0   92B    0  973   5   5   0   0
   0     0     0     0     0     0     0:   0  450B    0  973   5   5   0   0
   0     0     0     0     0     0     0:   0  796B    0  973   5   5   0   0
   0    20000    0  2.00     0     2     0:   0  152B    0  973   5   5   0   0
   0     0     0     0     0     0     0:   0   92B    0  973   5   5   0   0
   0   304000    0  4.00     0     4     0:   0 1883B    0  973   5   5   0   0
   0     0     0     0     0     0     0:   0  304B    0  973   5   5   0   0
   0     0     0     0     0     0     0:   0 2850B    0  973   5   5   0   0
   0    36000    0  2.00     0     2     0:   0  354B    0  973   5   5   0   0
   0     0     0     0     0     0     0:   0  152B    0  973   5   5   0   0
   0   248000    0  6.00     0     6     0:   0  948B    0  973   5   5   0   0
   0     0     0     0     0     0     0:   0  734B    0  973   5   5   0   0
   0     0     0     0     0     0     0:   0  622B    0  973   5   5   0   0
   0    20000    0  2.00     0     2     0:   0 2575B   87B 973   5   5   0   0
   0     0     0     0     0     0     0:   0  882B    0  973   5   5   0   0
   0   232000    0  2.00     0     2     0:   0   27000  107B 973   5   5   0   0
   0     0     0     0     0     0     0:   0  152B    0  973   5   5   0   0
   0     0     0     0     0     0     0:   0 2388B    0  973   5   5   0   0
   0     0     0     0     0     0     0:   0 1068B    0  973   5   5   0   0
   0    20000    0  2.00     0     2     0:   0  212B    0  973   5   5   0   0
   0     0     0     0     0     0     0:   0   60B    0  973   5   5   0   0
   0   232000    0  2.00     0     2     0:   0 1997B    0  973   5   5   0   0
   0     0     0     0     0     0     0:   0  234B    0  973   5   5   0   0
   0     0     0     0     0     0     0:   0   60B    0  973   5   5   0   0
   0    20000    0  2.00     0     2     0:   0  288B    0  973   5   5   0   0
   0     0     0     0     0     0     0:   0  152B    0  973   5   5   0   0
   0   232000    0  2.00     0     2     0:   0  938B    0  973   5   5   0   0
   0     0     0     0     0     0     0:   0 1936B    0  973   5   5   0   0
   0     0     0     0     0     0     0:   0  212B    0  973   5   5   0   0
   0    20000    0  2.00     0     2     0:   0 1883B    0  973   5   5   0   0
   0     0     0     0     0     0     0:   0  332B    0  973   5   5   0   0
   0   232000    0  2.00     0     2     0:   0  450B    0  973   5   5   0   0
   0     0     0     0     0     0     0:   0   54000  322B 973   5   5   0   0
   0     0     0     0     0     0     0:   0  152B    0  973   5   5   0   0
   0    20000    0  2.00     0     2     0:   0  888B    0  973   5   5   0   0
   0     0     0     0     0     0     0:   0  120B    0  973   5   5   0   0
   0   280000    0  4.00     0     4     0:   0   92B    0  973   5   5   0   0
   0     0     0     0     0     0     0:   0 4715B    0  973   5   5   0   0
   0     0     0     0     0     0     0:   0  120B    0  973   5   5   0   0
   0    20000    0  2.00     0     2     0:   0  420B    0  973   5   5   0   0
   0     0     0     0     0     0     0:   0   92B   54B 973   5   5   0   0
   0   236000    0  2.00     0     2     0:   0  342B    0  973   5   5   0   0
