Time	Average1	Average5	Average15	CpuUs	CpuSy	CpuId	CpuWa	MemFree	MemUsed	MemBuff	SwapFree	SwapUsed	SwapCached	
18:10:56	4.50	6.42	4.11	16.5	1.2	82.3	0.0	12800486	2026956	1138476	9999356	0	12811758	
18:10:57	4.50	6.42	4.11	7.4	1.0	91.6	0.0	12800486	2026956	1138476	9999356	0	12811758	
18:10:58	4.46	6.38	4.11	7.2	1.2	91.6	0.0	12800486	2026956	1138476	9999356	0	12811758	
18:10:59	4.46	6.38	4.11	7.3	1.1	91.6	0.0	12614774	3883960	1138592	9999356	0	12626056	
18:11:00	4.46	6.38	4.11	7.6	1.2	91.2	0.0	12614774	3883960	1138592	9999356	0	12626056	
18:11:01	4.46	6.38	4.11	7.5	1.2	91.3	0.0	12614774	3883960	1138592	9999356	0	12626056	
18:11:02	4.46	6.38	4.11	7.2	1.2	91.6	0.0	12429024	5741268	1138788	9999356	0	12440328	
18:11:03	4.43	6.34	4.11	7.3	1.1	91.6	0.0	12429024	5741268	1138788	9999356	0	12440328	
18:11:04	4.43	6.34	4.11	7.2	1.2	91.6	0.0	12429024	5741268	1138788	9999356	0	12440328	
18:11:05	4.43	6.34	4.11	7.2	1.2	91.6	0.0	12243274	7598632	1138920	9999356	0	12254590	
18:11:06	4.43	6.34	4.11	7.1	1.3	91.6	0.0	12243274	7598632	1138920	9999356	0	12254590	
18:11:07	4.43	6.34	4.11	7.2	1.2	91.6	0.0	12243274	7598632	1138920	9999356	0	12254590	
18:11:08	4.39	6.30	4.11	7.0	1.4	91.6	0.0	12057831	9452908	1139076	9999356	0	12069164	
18:11:09	4.39	6.30	4.11	7.2	1.1	91.6	0.0	12057831	9452908	1139076	9999356	0	12069164	
18:11:10	4.39	6.30	4.11	7.3	1.1	91.6	0.0	12057831	9452908	1139076	9999356	0	12069164	
18:11:11	4.39	6.30	4.11	7.4	1.0	91.6	0.0	11872080	11310280	1139212	9999356	0	11883429	
18:11:12	4.39	6.30	4.11	7.1	1.3	91.6	0.0	11872080	11310280	1139212	9999356	0	11883429	
18:11:13	4.36	6.26	4.11	7.1	1.2	91.6	0.0	11872080	11310280	1139212	9999356	0	11883429	
18:11:14	4.36	6.26	4.11	7.3	1.1	91.6	0.0	11686886	13162080	1139352	9999356	0	11698246	
18:11:16	4.36	6.26	4.11	7.4	1.0	91.6	0.0	11686886	13162080	1139352	9999356	0	11698246	
18:11:17	4.36	6.26	4.11	7.4	0.9	91.6	0.0	11563014	14400704	1139452	9999356	0	11574385	
18:11:18	4.36	6.26	4.11	7.3	1.1	91.6	0.0	11563014	14400704	1139452	9999356	0	11574385	
18:11:19	4.33	6.22	4.11	7.3	1.0	91.6	0.0	11563014	14400704	1139452	9999356	0	11574385	
18:11:20	4.33	6.22	4.11	7.5	1.0	91.6	0.0	11377956	16251056	1139672	9999356	0	11389347	
18:11:21	4.33	6.22	4.11	7.1	1.3	91.6	0.0	11377956	16251056	1139672	9999356	0	11389347	
18:11:22	4.33	6.22	4.11	7.3	1.0	91.6	0.0	11377956	16251056	1139672	9999356	0	11389347	
18:11:23	4.33	6.22	4.11	7.2	1.2	91.6	0.0	11192614	18104276	1139880	9999356	0	11204022	
18:11:24	4.30	6.18	4.11	7.1	1.3	91.6	0.0	11192614	18104276	1139880	9999356	0	11204022	
18:11:25	4.30	6.18	4.11	8.2	1.1	90.5	0.1	11192614	18104276	1139880	9999356	0	11204022	
18:11:26	4.30	6.18	4.11	8.0	1.1	90.8	0.1	11006849	19960580	1141220	9999356	0	11018390	
18:11:27	4.30	6.18	4.11	7.3	1.1	91.6	0.0	11006849	19960580	1141220	9999356	0	11018390	
18:11:28	4.30	6.18	4.11	7.2	1.1	91.6	0.0	11006849	19960580	1141220	9999356	0	11018390	
18:11:29	4.28	6.15	4.11	13.4	1.3	85.3	0.0	10884929	21179620	1141376	9999356	0	10896481	
18:11:30	4.28	6.15	4.11	17.6	1.3	81.1	0.0	10884929	21179620	1141376	9999356	0	10896481	
18:11:31	4.28	6.15	4.11	17.4	1.4	81.2	0.0	10884929	21179620	1141376	9999356	0	10896481	
18:11:32	4.28	6.15	4.11	15.9	2.8	81.2	0.0	10876804	21260712	1141536	9999356	0	10888368	
18:11:33	4.28	6.15	4.11	16.6	2.2	81.2	0.0	10876804	21260712	1141536	9999356	0	10888368	
18:11:34	4.66	6.19	4.13	17.7	1.1	81.2	0.0	10876804	21260712	1141536	9999356	0	10888368	
18:11:35	4.66	6.19	4.13	17.5	1.3	81.2	0.0	10875138	21277232	1141680	9999356	0	10886712	
18:11:36	4.66	6.19	4.13	17.2	1.7	81.2	0.0	10875138	21277232	1141680	9999356	0	10886712	
18:11:37	4.66	6.19	4.13	16.8	2.0	81.2	0.0	10875138	21277232	1141680	9999356	0	10886712	
18:11:38	4.66	6.19	4.13	17.6	1.3	81.1	0.0	10871168	21316792	1141820	9999356	0	10882764	
18:11:39	5.01	6.24	4.16	17.1	1.7	81.2	0.0	10871168	21316792	1141820	9999356	0	10882764	
18:11:40	5.01	6.24	4.16	9.8	2.9	87.3	0.0	10871168	21316792	1141820	9999356	0	10882764	
18:11:41	5.01	6.24	4.16	9.0	2.1	88.9	0.0	10701012	23018228	1141936	9999356	0	10712618	
18:11:42	5.01	6.24	4.16	17.7	1.1	81.2	0.0	10701012	23018228	1141936	9999356	0	10712618	
18:11:43	5.33	6.29	4.19	17.8	1.0	81.2	0.0	10701012	23018228	1141936	9999356	0	10712618	
18:11:44	5.33	6.29	4.19	17.7	1.1	81.2	0.0	10699722	23030956	1142116	9999356	0	10711339	
18:11:45	5.33	6.29	4.19	17.5	1.2	81.2	0.0	10699722	23030956	1142116	9999356	0	10711339	
18:11:46	5.33	6.29	4.19	17.5	1.2	81.2	0.0	10699722	23030956	1142116	9999356	0	10711339	
18:11:47	5.33	6.29	4.19	17.5	1.3	81.2	0.0	10699739	23030640	1142260	9999356	0	10711375	
18:11:48	5.62	6.33	4.21	17.6	1.2	81.2	0.0	10699739	23030640	1142260	9999356	0	10711375	
18:11:49	5.62	6.33	4.21	17.5	1.3	81.2	0.0	10699739	23030640	1142260	9999356	0	10711375	
18:11:50	5.62	6.33	4.21	17.4	1.3	81.2	0.0	10699713	23030744	1142412	9999356	0	10711360	
18:11:51	5.62	6.33	4.21	17.5	1.3	81.2	0.0	10699713	23030744	1142412	9999356	0	10711360	
18:11:52	5.62	6.33	4.21	16.9	1.9	81.2	0.0	10699713	23030744	1142412	9999356	0	10711360	
18:11:53	5.89	6.38	4.24	17.4	1.4	81.2	0.0	10688761	23140132	1142544	9999356	0	10700420	
18:11:54	5.89	6.38	4.24	17.6	1.1	81.2	0.0	10688761	23140132	1142544	9999356	0	10700420	
18:11:55	5.89	6.38	4.24	17.9	1.0	81.2	0.0	10688761	23140132	1142544	9999356	0	10700420	
18:11:56	5.89	6.38	4.24	17.7	1.1	81.2	0.0	10685328	23174328	1142684	9999356	0	10697003	
18:11:57	5.89	6.38	4.24	17.2	1.6	81.2	0.0	10685328	23174328	1142684	9999356	0	10697003	
18:11:58	6.14	6.42	4.26	17.5	1.3	81.2	0.0	10685328	23174328	1142684	9999356	0	10697003	
18:11:59	6.14	6.42	4.26	17.5	1.2	81.3	0.0	10680443	23223032	1142832	9999356	0	10692129	
18:12:01	6.14	6.42	4.26	15.3	1.8	82.9	0.0	10680443	23223032	1142832	9999356	0	10692129	
18:12:02	6.14	6.42	4.26	5.7	2.7	91.6	0.0	10531646	24710868	1142968	9999356	0	10543337	
18:12:03	6.14	6.42	4.26	18.3	2.3	79.4	0.0	10531646	24710868	1142968	9999356	0	10543337	
18:12:04	6.77	6.55	4.32	28.1	1.1	70.7	0.0	10531646	24710868	1142968	9999356	0	10543337	
18:12:05	6.77	6.55	4.32	28.1	1.1	70.8	0.0	10525955	24767624	1143116	9999356	0	10537669	
18:12:06	6.77	6.55	4.32	28.1	1.1	70.7	0.0	10525955	24767624	1143116	9999356	0	10537669	
18:12:07	6.77	6.55	4.32	28.1	1.1	70.8	0.0	10525955	24767624	1143116	9999356	0	10537669	
18:12:08	6.77	6.55	4.32	28.1	1.0	70.8	0.0	10525992	24767124	1143256	9999356	0	10537716	
18:12:09	7.35	6.67	4.37	28.3	1.0	70.7	0.0	10525992	24767124	1143256	9999356	0	10537716	
18:12:10	7.35	6.67	4.37	28.0	1.2	70.8	0.0	10525992	24767124	1143256	9999356	0	10537716	
18:12:11	7.35	6.67	4.37	28.2	1.1	70.7	0.0	10526003	24766868	1143400	9999356	0	10537745	
18:12:12	7.35	6.67	4.37	28.1	1.1	70.8	0.0	10526003	24766868	1143400	9999356	0	10537745	
18:12:13	7.35	6.67	4.37	28.0	1.2	70.8	0.0	10526003	24766868	1143400	9999356	0	10537745	
18:12:14	7.88	6.79	4.42	19.2	1.9	78.9	0.0	10525948	24767276	1143540	9999356	0	10537702	
18:12:15	7.88	6.79	4.42	28.2	1.0	70.8	0.0	10525948	24767276	1143540	9999356	0	10537702	
18:12:16	7.88	6.79	4.42	28.3	1.0	70.7	0.0	10525948	24767276	1143540	9999356	0	10537702	
18:12:17	7.88	6.79	4.42	28.3	0.9	70.8	0.0	10525936	24767256	1143684	9999356	0	10537702	
18:12:18	7.88	6.79	4.42	28.2	1.0	70.8	0.0	10525936	24767256	1143684	9999356	0	10537702	
18:12:19	8.37	6.91	4.47	28.2	1.0	70.7	0.0	10525936	24767256	1143684	9999356	0	10537702	
18:12:20	8.37	6.91	4.47	28.2	1.0	70.8	0.0	10525948	24766928	1143888	9999356	0	10537736	
18:12:21	8.37	6.91	4.47	28.5	0.8	70.7	0.0	10525948	24766928	1143888	9999356	0	10537736	
18:12:22	8.37	6.91	4.47	28.2	1.0	70.8	0.0	10525948	24766928	1143888	9999356	0	10537736	
18:12:23	8.37	6.91	4.47	28.5	0.8	70.7	0.0	10525950	24766764	1144028	9999356	0	10537755	
18:12:24	8.82	7.03	4.52	28.0	1.1	70.8	0.0	10525950	24766764	1144028	9999356	0	10537755	
18:12:25	8.82	7.03	4.52	26.0	1.3	72.7	0.0	10525950	24766764	1144028	9999356	0	10537755	
18:12:26	8.82	7.03	4.52	24.3	1.3	74.4	0.0	10518944	24836672	1144176	9999356	0	10530766	
18:12:27	8.82	7.03	4.52	28.5	0.7	70.8	0.0	10518944	24836672	1144176	9999356	0	10530766	
18:12:28	8.82	7.03	4.52	28.5	0.7	70.8	0.0	10518944	24836672	1144176	9999356	0	10530766	
18:12:29	9.24	7.15	4.58	28.6	0.7	70.7	0.0	10516204	24863936	1144312	9999356	0	10528038	
18:12:30	9.24	7.15	4.58	28.3	1.0	70.8	0.0	10516204	24863936	1144312	9999356	0	10528038	
18:12:31	9.24	7.15	4.58	28.4	0.9	70.7	0.0	10516204	24863936	1144312	9999356	0	10528038	
18:12:32	9.24	7.15	4.58	18.4	1.1	80.5	0.0	10512100	24904832	1144460	9999356	0	10523952	
18:12:33	9.22	7.18	4.60	17.7	1.1	81.2	0.0	10512100	24904832	1144460	9999356	0	10523952	
18:12:34	9.22	7.18	4.60	17.8	1.0	81.1	0.0	10512100	24904832	1144460	9999356	0	10523952	
18:12:35	9.22	7.18	4.60	17.7	1.1	81.3	0.0	10512100	24904692	1144600	9999356	0	10523964	
18:12:36	9.22	7.18	4.60	17.7	1.0	81.2	0.0	10512100	24904692	1144600	9999356	0	10523964	
18:12:37	9.22	7.18	4.60	7.4	2.8	89.8	0.0	10512100	24904692	1144600	9999356	0	10523964	
18:12:38	8.80	7.12	4.60	5.9	2.4	91.7	0.0	10377944	26246104	1144744	9999356	0	10389825	
18:12:39	8.80	7.12	4.60	14.9	1.7	83.4	0.0	10377944	26246104	1144744	9999356	0	10389825	
18:12:40	8.80	7.12	4.60	19.4	1.7	78.9	0.0	10377944	26246104	1144744	9999356	0	10389825	
18:12:41	8.80	7.12	4.60	27.5	1.6	70.8	0.0	10377808	26247316	1144892	9999356	0	10389700	
18:12:42	8.80	7.12	4.60	28.4	0.9	70.7	0.0	10377808	26247316	1144892	9999356	0	10389700	
18:12:43	9.22	7.24	4.65	28.5	0.7	70.8	0.0	10377808	26247316	1144892	9999356	0	10389700	
18:12:44	9.22	7.24	4.65	28.3	0.9	70.8	0.0	10377816	26247104	1145028	9999356	0	10389720	
18:12:45	9.22	7.24	4.65	28.1	1.2	70.7	0.0	10377816	26247104	1145028	9999356	0	10389720	
18:12:46	9.22	7.24	4.65	28.4	0.7	70.8	0.0	10377816	26247104	1145028	9999356	0	10389720	
18:12:47	9.22	7.24	4.65	28.4	0.8	70.8	0.0	10377780	26247316	1145176	9999356	0	10389702	
18:12:49	9.60	7.35	4.70	28.2	1.0	70.7	0.0	10377780	26247316	1145176	9999356	0	10389702	
18:12:50	9.60	7.35	4.70	28.6	0.7	70.8	0.0	10377732	26247700	1145264	9999356	0	10389660	
18:12:51	9.60	7.35	4.70	28.6	0.7	70.7	0.0	10377732	26247700	1145264	9999356	0	10389660	
18:12:52	9.60	7.35	4.70	28.4	0.8	70.8	0.0	10377732	26247700	1145264	9999356	0	10389660	
18:12:53	9.60	7.35	4.70	28.5	0.8	70.7	0.0	10377756	26247304	1145420	9999356	0	10389696	
18:12:54	9.95	7.46	4.75	28.5	0.7	70.8	0.0	10377756	26247304	1145420	9999356	0	10389696	
18:12:55	9.95	7.46	4.75	28.2	1.0	70.8	0.0	10377756	26247304	1145420	9999356	0	10389696	
18:12:56	9.95	7.46	4.75	28.6	0.7	70.7	0.0	10377766	26247068	1145568	9999356	0	10389726	
18:12:57	9.95	7.46	4.75	28.6	0.6	70.8	0.0	10377766	26247068	1145568	9999356	0	10389726	
18:12:58	9.95	7.46	4.75	28.2	0.9	70.8	0.0	10377766	26247068	1145568	9999356	0	10389726	
18:12:59	10.28	7.57	4.80	28.6	0.7	70.7	0.0	10377768	26246912	1145700	9999356	0	10389739	
18:13:00	10.28	7.57	4.80	28.8	0.7	70.4	0.0	10377768	26246912	1145700	9999356	0	10389739	
18:13:01	10.28	7.57	4.80	21.8	1.8	76.4	0.0	10377768	26246912	1145700	9999356	0	10389739	
18:13:02	10.28	7.57	4.80	28.4	0.8	70.8	0.0	10538044	24643948	1145900	9999356	0	10550033	
18:13:03	10.28	7.57	4.80	28.4	0.9	70.7	0.0	10538044	24643948	1145900	9999356	0	10550033	
18:13:04	10.58	7.68	4.85	28.3	0.9	70.8	0.0	10538044	24643948	1145900	9999356	0	10550033	
18:13:05	10.58	7.68	4.85	28.3	0.9	70.8	0.0	10538005	24644204	1146036	9999356	0	10550003	
18:13:06	10.58	7.68	4.85	28.2	1.1	70.7	0.0	10538005	24644204	1146036	9999356	0	10550003	
18:13:07	10.58	7.68	4.85	28.3	0.9	70.8	0.0	10538005	24644204	1146036	9999356	0	10550003	
18:13:08	10.58	7.68	4.85	28.5	0.7	70.7	0.0	10538004	24644068	1146184	9999356	0	10550019	
18:13:09	10.85	7.78	4.90	28.1	1.1	70.8	0.0	10538004	24644068	1146184	9999356	0	10550019	
18:13:10	10.85	7.78	4.90	28.5	0.8	70.8	0.0	10538004	24644068	1146184	9999356	0	10550019	
18:13:11	10.85	7.78	4.90	28.3	1.0	70.7	0.0	10538017	24643784	1146332	9999356	0	10550044	
18:13:12	10.85	7.78	4.90	27.9	1.2	70.8	0.0	10538017	24643784	1146332	9999356	0	10550044	
18:13:13	10.85	7.78	4.90	28.6	0.7	70.7	0.0	10538017	24643784	1146332	9999356	0	10550044	
18:13:14	11.10	7.89	4.95	28.4	0.8	70.8	0.0	10538030	24643524	1146468	9999356	0	10550073	
18:13:15	11.10	7.89	4.95	28.2	1.1	70.7	0.0	10538030	24643524	1146468	9999356	0	10550073	
18:13:16	11.10	7.89	4.95	28.3	0.9	70.8	0.0	10538030	24643524	1146468	9999356	0	10550073	
18:13:17	11.10	7.89	4.95	28.5	0.7	70.8	0.0	10538008	24643600	1146616	9999356	0	10550062	
18:13:18	11.10	7.89	4.95	28.2	1.1	70.7	0.0	10538008	24643600	1146616	9999356	0	10550062	
18:13:19	11.33	7.99	4.99	28.4	0.8	70.8	0.0	10538008	24643600	1146616	9999356	0	10550062	
18:13:20	11.33	7.99	4.99	28.5	0.9	70.7	0.0	10537169	24651792	1146812	9999356	0	10549240	
18:13:21	11.33	7.99	4.99	28.1	1.1	70.8	0.0	10537169	24651792	1146812	9999356	0	10549240	
18:13:22	11.33	7.99	4.99	28.6	0.6	70.8	0.0	10537169	24651792	1146812	9999356	0	10549240	
18:13:23	11.55	8.09	5.04	28.5	0.8	70.7	0.0	10531414	24709196	1146956	9999356	0	10543502	
18:13:24	11.55	8.09	5.04	28.6	0.6	70.8	0.0	10531414	24709196	1146956	9999356	0	10543502	
18:13:25	11.55	8.09	5.04	28.5	0.8	70.7	0.0	10531414	24709196	1146956	9999356	0	10543502	
18:13:26	11.55	8.09	5.04	25.4	1.2	73.4	0.0	10538719	24636000	1147104	9999356	0	10550824	
18:13:27	11.55	8.09	5.04	20.2	1.3	78.6	0.0	10538719	24636000	1147104	9999356	0	10550824	
18:13:28	11.34	8.10	5.06	17.8	1.0	81.2	0.0	10538719	24636000	1147104	9999356	0	10550824	
18:13:29	11.34	8.10	5.06	17.9	0.8	81.2	0.0	10537925	24643796	1147244	9999356	0	10550048	
18:13:30	11.34	8.10	5.06	18.0	0.9	81.1	0.0	10537925	24643796	1147244	9999356	0	10550048	
18:13:31	11.34	8.10	5.06	17.9	0.9	81.2	0.0	10537925	24643796	1147244	9999356	0	10550048	
18:13:32	11.34	8.10	5.06	17.9	0.9	81.2	0.0	10537925	24643648	1147392	9999356	0	10550059	
18:13:33	11.16	8.12	5.09	17.7	1.1	81.2	0.0	10537925	24643648	1147392	9999356	0	10550059	
18:13:34	11.16	8.12	5.09	17.8	1.0	81.2	0.0	10537925	24643648	1147392	9999356	0	10550059	
18:13:36	11.16	8.12	5.09	17.8	1.0	81.2	0.0	10537900	24643756	1147532	9999356	0	10550047	
18:13:37	11.16	8.12	5.09	17.2	1.4	81.4	0.0	10537900	24643756	1147532	9999356	0	10550047	
18:13:38	11.16	8.12	5.09	5.8	2.6	91.6	0.0	10417038	25852288	1147628	9999356	0	10429195	
18:13:39	10.58	8.05	5.08	5.9	2.5	91.6	0.0	10417038	25852288	1147628	9999356	0	10429195	
18:13:40	10.58	8.05	5.08	13.1	2.1	84.8	0.0	10417038	25852288	1147628	9999356	0	10429195	
18:13:41	10.58	8.05	5.08	27.0	1.0	72.0	0.0	10417063	25851896	1147768	9999356	0	10429232	
18:13:42	10.58	8.05	5.08	28.7	0.6	70.7	0.0	10417063	25851896	1147768	9999356	0	10429232	
18:13:43	10.58	8.05	5.08	28.6	0.6	70.8	0.0	10417063	25851896	1147768	9999356	0	10429232	
18:13:44	10.86	8.15	5.13	28.6	0.6	70.7	0.0	10417051	25851872	1147912	9999356	0	10429236	
18:13:45	10.86	8.15	5.13	28.5	0.7	70.8	0.0	10417051	25851872	1147912	9999356	0	10429236	
18:13:46	10.86	8.15	5.13	28.6	0.6	70.8	0.0	10417051	25851872	1147912	9999356	0	10429236	
18:13:47	10.86	8.15	5.13	28.7	0.6	70.7	0.0	10417014	25852096	1148060	9999356	0	10429211	
18:13:48	10.86	8.15	5.13	28.6	0.6	70.8	0.0	10417014	25852096	1148060	9999356	0	10429211	
18:13:49	11.11	8.25	5.18	28.6	0.6	70.7	0.0	10417014	25852096	1148060	9999356	0	10429211	
18:13:50	11.11	8.25	5.18	28.5	0.8	70.8	0.0	10416991	25852184	1148200	9999356	0	10429205	
18:13:51	11.11	8.25	5.18	28.5	0.7	70.8	0.0	10416991	25852184	1148200	9999356	0	10429205	
18:13:52	11.11	8.25	5.18	28.7	0.6	70.7	0.0	10416991	25852184	1148200	9999356	0	10429205	
18:13:53	11.11	8.25	5.18	28.6	0.6	70.8	0.0	10416979	25852164	1148344	9999356	0	10429204	
18:13:54	11.34	8.34	5.22	28.7	0.6	70.7	0.0	10416979	25852164	1148344	9999356	0	10429204	
18:13:55	11.34	8.34	5.22	28.5	0.7	70.8	0.0	10416979	25852164	1148344	9999356	0	10429204	
18:13:56	11.34	8.34	5.22	28.5	0.7	70.8	0.0	10416966	25852148	1148484	9999356	0	10429204	
18:13:57	11.34	8.34	5.22	28.6	0.6	70.7	0.0	10416966	25852148	1148484	9999356	0	10429204	
18:13:58	11.34	8.34	5.22	28.6	0.6	70.8	0.0	10416966	25852148	1148484	9999356	0	10429204	
18:13:59	11.55	8.44	5.27	28.7	0.6	70.7	0.0	10416966	25852008	1148628	9999356	0	10429225	
18:14:00	11.55	8.44	5.27	28.9	0.7	70.4	0.0	10416966	25852008	1148628	9999356	0	10429225	
18:14:01	11.55	8.44	5.27	28.6	0.7	70.7	0.0	10416966	25852008	1148628	9999356	0	10429225	
18:14:02	11.55	8.44	5.27	28.6	0.6	70.8	0.0	10416953	25851944	1148816	9999356	0	10429229	
18:14:03	11.55	8.44	5.27	28.6	0.6	70.8	0.0	10416953	25851944	1148816	9999356	0	10429229	
18:14:04	11.75	8.53	5.32	28.6	0.7	70.7	0.0	10416953	25851944	1148816	9999356	0	10429229	
18:14:05	11.75	8.53	5.32	28.6	0.6	70.8	0.0	10416940	25851932	1148952	9999356	0	10429228	
18:14:06	11.75	8.53	5.32	28.5	0.6	70.8	0.0	10416940	25851932	1148952	9999356	0	10429228	
18:14:07	11.75	8.53	5.32	28.7	0.6	70.7	0.0	10416940	25851932	1148952	9999356	0	10429228	
18:14:08	11.75	8.53	5.32	28.5	0.7	70.8	0.0	10416943	25851764	1149100	9999356	0	10429242	
18:14:09	11.93	8.62	5.37	28.4	0.9	70.7	0.0	10416943	25851764	1149100	9999356	0	10429242	
18:14:10	11.93	8.62	5.37	28.3	0.9	70.8	0.0	10416943	25851764	1149100	9999356	0	10429242	
18:14:11	11.93	8.62	5.37	22.4	1.7	75.9	0.0	10564068	24380368	1149236	9999356	0	10576385	
18:14:12	11.93	8.62	5.37	28.3	0.9	70.8	0.0	10564068	24380368	1149236	9999356	0	10576385	
18:14:13	12.10	8.71	5.41	28.5	0.7	70.8	0.0	10564068	24380368	1149236	9999356	0	10576385	
18:14:14	12.10	8.71	5.41	28.6	0.7	70.7	0.0	10564068	24380220	1149392	9999356	0	10576398	
18:14:15	12.10	8.71	5.41	28.3	0.8	70.8	0.0	10564068	24380220	1149392	9999356	0	10576398	
18:14:16	12.10	8.71	5.41	28.6	0.7	70.7	0.0	10564068	24380220	1149392	9999356	0	10576398	
18:14:17	12.10	8.71	5.41	28.3	0.9	70.8	0.0	10564068	24380080	1149524	9999356	0	10576410	
18:14:18	12.25	8.80	5.46	28.5	0.8	70.7	0.0	10564068	24380080	1149524	9999356	0	10576410	
18:14:19	12.25	8.80	5.46	25.3	1.2	73.5	0.0	10564068	24380080	1149524	9999356	0	10576410	
18:14:21	12.25	8.80	5.46	28.4	0.9	70.7	0.0	10577102	24249544	1149728	9999356	0	10589460	
18:14:22	12.25	8.80	5.46	28.5	0.7	70.8	0.0	10577102	24249544	1149728	9999356	0	10589460	
18:14:23	12.25	8.80	5.46	28.6	0.7	70.7	0.0	10577086	24249568	1149860	9999356	0	10589458	
18:14:24	12.39	8.88	5.50	28.5	0.7	70.8	0.0	10577086	24249568	1149860	9999356	0	10589458	
18:14:25	12.39	8.88	5.50	28.5	0.7	70.8	0.0	10577086	24249568	1149860	9999356	0	10589458	
18:14:26	12.39	8.88	5.50	28.7	0.6	70.7	0.0	10577073	24249544	1150016	9999356	0	10589460	
18:14:27	12.39	8.88	5.50	28.6	0.7	70.8	0.0	10577073	24249544	1150016	9999356	0	10589460	
18:14:28	12.39	8.88	5.50	28.7	0.6	70.7	0.0	10577073	24249544	1150016	9999356	0	10589460	
18:14:29	12.52	8.97	5.55	25.9	1.2	72.9	0.0	10574644	24273700	1150156	9999356	0	10587043	
18:14:30	12.52	8.97	5.55	26.9	1.1	72.0	0.0	10574644	24273700	1150156	9999356	0	10587043	
18:14:31	12.52	8.97	5.55	28.5	0.7	70.8	0.0	10574644	24273700	1150156	9999356	0	10587043	
18:14:32	12.52	8.97	5.55	28.7	0.6	70.7	0.0	10570515	24314856	1150292	9999356	0	10582925	
18:14:33	12.52	8.97	5.55	28.4	0.8	70.8	0.0	10570515	24314856	1150292	9999356	0	10582925	
18:14:34	12.64	9.05	5.60	28.6	0.6	70.7	0.0	10570515	24314856	1150292	9999356	0	10582925	
18:14:35	12.64	9.05	5.60	22.0	0.9	77.1	0.0	10563968	24380172	1150436	9999356	0	10576396	
18:14:36	12.64	9.05	5.60	18.0	0.8	81.2	0.0	10563968	24380172	1150436	9999356	0	10576396	
18:14:37	12.64	9.05	5.60	17.8	0.9	81.2	0.0	10563968	24380172	1150436	9999356	0	10576396	
18:14:38	12.64	9.05	5.60	17.8	1.0	81.2	0.0	10544712	24572596	1150580	9999356	0	10557155	
18:14:39	11.95	8.97	5.59	6.5	2.6	90.9	0.0	10544712	24572596	1150580	9999356	0	10557155	
18:14:40	11.95	8.97	5.59	12.5	1.8	85.7	0.0	10544712	24572596	1150580	9999356	0	10557155	
18:14:41	11.95	8.97	5.59	28.5	0.7	70.8	0.0	10456275	25456828	1150712	9999356	0	10468730	
18:14:42	11.95	8.97	5.59	28.6	0.6	70.8	0.0	10456275	25456828	1150712	9999356	0	10468730	
18:14:43	11.95	8.97	5.59	28.7	0.5	70.7	0.0	10456275	25456828	1150712	9999356	0	10468730	
18:14:44	12.11	9.05	5.63	28.6	0.6	70.8	0.0	10456275	25456684	1150856	9999356	0	10468747	
18:14:45	12.11	9.05	5.63	28.6	0.7	70.7	0.0	10456275	25456684	1150856	9999356	0	10468747	
18:14:46	12.11	9.05	5.63	28.5	0.7	70.8	0.0	10456275	25456684	1150856	9999356	0	10468747	
18:14:47	12.11	9.05	5.63	28.6	0.6	70.8	0.0	10456275	25456548	1150992	9999356	0	10468758	
18:14:48	12.11	9.05	5.63	28.7	0.6	70.7	0.0	10456275	25456548	1150992	9999356	0	10468758	
18:14:49	12.26	9.14	5.68	28.6	0.6	70.8	0.0	10456275	25456548	1150992	9999356	0	10468758	
18:14:50	12.26	9.14	5.68	28.6	0.7	70.7	0.0	10456263	25456532	1151132	9999356	0	10468760	
18:14:51	12.26	9.14	5.68	28.6	0.6	70.8	0.0	10456263	25456532	1151132	9999356	0	10468760	
18:14:52	12.26	9.14	5.68	28.6	0.6	70.8	0.0	10456263	25456532	1151132	9999356	0	10468760	
18:14:53	12.26	9.14	5.68	28.8	0.5	70.7	0.0	10456263	25456388	1151276	9999356	0	10468777	
18:14:54	12.40	9.22	5.72	28.7	0.5	70.8	0.0	10456263	25456388	1151276	9999356	0	10468777	
18:14:55	12.40	9.22	5.72	28.5	0.7	70.8	0.0	10456263	25456388	1151276	9999356	0	10468777	
18:14:56	12.40	9.22	5.72	28.6	0.7	70.7	0.0	10456251	25456376	1151408	9999356	0	10468776	
18:14:57	12.40	9.22	5.72	28.7	0.6	70.8	0.0	10456251	25456376	1151408	9999356	0	10468776	
18:14:58	12.40	9.22	5.72	27.7	1.2	71.1	0.0	10456251	25456376	1151408	9999356	0	10468776	
18:14:59	12.53	9.30	5.77	28.6	0.6	70.8	0.0	10590270	24116036	1151552	9999356	0	10602811	
18:15:00	12.53	9.30	5.77	28.8	0.8	70.3	0.0	10590270	24116036	1151552	9999356	0	10602811	
18:15:01	12.53	9.30	5.77	28.6	0.7	70.8	0.0	10590270	24116036	1151552	9999356	0	10602811	
18:15:02	12.53	9.30	5.77	28.5	0.7	70.8	0.0	10590168	24116864	1151748	9999356	0	10602730	
18:15:03	12.65	9.37	5.81	28.5	0.7	70.7	0.0	10590168	24116864	1151748	9999356	0	10602730	
18:15:04	12.65	9.37	5.81	28.6	0.7	70.8	0.0	10590168	24116864	1151748	9999356	0	10602730	
18:15:05	12.65	9.37	5.81	28.5	0.8	70.7	0.0	10590157	24116836	1151884	9999356	0	10602736	
18:15:06	12.65	9.37	5.81	28.7	0.6	70.8	0.0	10590157	24116836	1151884	9999356	0	10602736	
18:15:07	12.65	9.37	5.81	28.6	0.6	70.8	0.0	10590157	24116836	1151884	9999356	0	10602736	
18:15:09	12.76	9.45	5.86	28.6	0.7	70.7	0.0	10603198	23986288	1152028	9999356	0	10615793	
18:15:10	12.76	9.45	5.86	28.7	0.6	70.8	0.0	10603198	23986288	1152028	9999356	0	10615793	
18:15:11	12.76	9.45	5.86	28.7	0.7	70.7	0.0	10603198	23986288	1152028	9999356	0	10615793	
18:15:12	12.76	9.45	5.86	28.6	0.6	70.8	0.0	10603222	23985900	1152168	9999356	0	10615829	
18:15:13	12.76	9.45	5.86	28.5	0.7	70.8	0.0	10603222	23985900	1152168	9999356	0	10615829	
18:15:14	12.86	9.53	5.90	28.5	0.8	70.7	0.0	10603222	23985900	1152168	9999356	0	10615829	
18:15:15	12.86	9.53	5.90	28.4	0.8	70.8	0.0	10596885	24049120	1152320	9999356	0	10609508	
18:15:16	12.86	9.53	5.90	28.7	0.6	70.7	0.0	10596885	24049120	1152320	9999356	0	10609508	
18:15:17	12.86	9.53	5.90	28.5	0.7	70.8	0.0	10596885	24049120	1152320	9999356	0	10609508	
18:15:18	12.86	9.53	5.90	28.4	0.9	70.7	0.0	10592187	24095972	1152456	9999356	0	10604822	
18:15:19	12.95	9.60	5.94	25.3	0.9	73.8	0.0	10592187	24095972	1152456	9999356	0	10604822	
18:15:20	12.95	9.60	5.94	17.9	0.9	81.2	0.0	10592187	24095972	1152456	9999356	0	10604822	
18:15:21	12.95	9.60	5.94	18.0	0.8	81.1	0.0	10590140	24116220	1152668	9999356	0	10602793	
18:15:22	12.95	9.60	5.94	17.9	0.9	81.2	0.0	10590140	24116220	1152668	9999356	0	10602793	
18:15:23	12.95	9.60	5.94	17.8	0.9	81.2	0.0	10590140	24116220	1152668	9999356	0	10602793	
18:15:24	12.63	9.59	5.96	17.9	0.9	81.2	0.0	10590129	24116188	1152812	9999356	0	10602799	
18:15:25	12.63	9.59	5.96	13.6	2.0	84.4	0.0	10590129	24116188	1152812	9999356	0	10602799	
18:15:26	12.63	9.59	5.96	16.0	1.1	82.8	0.0	10590129	24116188	1152812	9999356	0	10602799	
18:15:27	12.63	9.59	5.96	28.6	0.6	70.8	0.0	10495529	25062044	1152952	9999356	0	10508211	
18:15:28	12.63	9.59	5.96	28.5	0.7	70.8	0.0	10495529	25062044	1152952	9999356	0	10508211	
18:15:29	12.74	9.66	6.00	28.6	0.7	70.7	0.0	10495529	25062044	1152952	9999356	0	10508211	
18:15:30	12.74	9.66	6.00	28.6	0.6	70.8	0.0	10495532	25061868	1153100	9999356	0	10508230	
18:15:31	12.74	9.66	6.00	28.6	0.7	70.7	0.0	10495532	25061868	1153100	9999356	0	10508230	
18:15:32	12.74	9.66	6.00	28.5	0.7	70.8	0.0	10495532	25061868	1153100	9999356	0	10508230	
18:15:33	12.74	9.66	6.00	28.6	0.7	70.7	0.0	10495533	25061716	1153244	9999356	0	10508243	
18:15:34	12.84	9.74	6.05	28.4	0.7	70.8	0.0	10495533	25061716	1153244	9999356	0	10508243	
18:15:35	12.84	9.74	6.05	28.6	0.6	70.8	0.0	10495533	25061716	1153244	9999356	0	10508243	
18:15:36	12.84	9.74	6.05	26.4	1.4	72.3	0.0	10616408	23852828	1153380	9999356	0	10629130	
18:15:37	12.84	9.74	6.05	28.6	0.7	70.8	0.0	10616408	23852828	1153380	9999356	0	10629130	
18:15:38	12.84	9.74	6.05	28.5	0.7	70.7	0.0	10616408	23852828	1153380	9999356	0	10629130	
18:15:39	12.93	9.81	6.09	28.4	0.8	70.8	0.0	10616422	23852548	1153528	9999356	0	10629166	
18:15:40	12.93	9.81	6.09	28.5	0.8	70.8	0.0	10616422	23852548	1153528	9999356	0	10629166	
18:15:41	12.93	9.81	6.09	28.6	0.7	70.7	0.0	10616422	23852548	1153528	9999356	0	10629166	
18:15:42	12.93	9.81	6.09	28.6	0.6	70.8	0.0	10616409	23852532	1153668	9999356	0	10629164	
18:15:43	12.93	9.81	6.09	28.4	0.8	70.7	0.0	10616409	23852532	1153668	9999356	0	10629164	
18:15:44	13.02	9.88	6.13	28.4	0.8	70.8	0.0	10616409	23852532	1153668	9999356	0	10629164	
18:15:45	13.02	9.88	6.13	28.5	0.7	70.8	0.0	10616372	23852756	1153816	9999356	0	10629145	
18:15:46	13.02	9.88	6.13	28.5	0.8	70.7	0.0	10616372	23852756	1153816	9999356	0	10629145	
18:15:47	13.02	9.88	6.13	28.4	0.8	70.8	0.0	10616372	23852756	1153816	9999356	0	10629145	
18:15:48	13.10	9.95	6.18	28.6	0.7	70.7	0.0	10616360	23852736	1153956	9999356	0	10629144	
18:15:49	13.10	9.95	6.18	28.2	1.0	70.8	0.0	10616360	23852736	1153956	9999356	0	10629144	
18:15:50	13.10	9.95	6.18	28.2	0.7	71.1	0.0	10616360	23852736	1153956	9999356	0	10629144	
18:15:51	13.10	9.95	6.18	28.6	0.7	70.7	0.0	10622938	23786808	1154104	9999356	0	10635734	
18:15:52	13.10	9.95	6.18	28.7	0.5	70.8	0.0	10622938	23786808	1154104	9999356	0	10635734	
18:15:53	13.17	10.01	6.22	28.6	0.7	70.8	0.0	10622938	23786808	1154104	9999356	0	10635734	
18:15:54	13.17	10.01	6.22	24.1	0.9	75.1	0.0	10616380	23852244	1154244	9999356	0	10629193	
18:15:56	13.17	10.01	6.22	17.9	0.9	81.2	0.0	10616380	23852244	1154244	9999356	0	10629193	
18:15:57	13.17	10.01	6.22	17.9	0.9	81.2	0.0	10616637	23849532	1154388	9999356	0	10629464	
18:15:58	13.17	10.01	6.22	10.2	2.2	87.6	0.0	10616637	23849532	1154388	9999356	0	10629464	
18:15:59	13.32	10.10	6.27	21.7	1.0	77.3	0.0	10616637	23849532	1154388	9999356	0	10629464	
18:16:00	13.32	10.10	6.27	28.9	0.5	70.6	0.0	10535156	24664184	1154540	9999356	0	10548000	
18:16:01	13.32	10.10	6.27	28.8	0.6	70.6	0.0	10535156	24664184	1154540	9999356	0	10548000	
18:16:02	13.32	10.10	6.27	28.8	0.5	70.7	0.0	10535156	24664184	1154540	9999356	0	10548000	
